# This file may be used to create an environment using:
# $ conda create --name <env> --file <this file>
# platform: win-64
# created-by: conda 26.1.1
asgiref=3.11.1=pypi_0
bzip2=1.0.8=h2bbff1b_6
ca-certificates=2025.12.2=haa95532_0
django=5.2.12=pypi_0
djangorestframework=3.16.1=pypi_0
gunicorn=25.1.0=pypi_0
libexpat=2.7.4=hd7fb8db_0
libffi=3.4.4=hd77b12b_1
libzlib=1.3.1=h02ab6af_0
openssl=3.5.5=hbb43b14_0
packaging=25.0=py310haa95532_1
pillow=12.1.1=pypi_0
pip=26.0.1=pyhc872135_0
psycopg2-binary=2.9.11=pypi_0
python=3.10.20=h1044e36_0
python-dotenv=1.2.2=pypi_0
setuptools=80.10.2=py310haa95532_0
sqlite=3.51.2=hee5a0db_0
sqlparse=0.5.5=pypi_0
tk=8.6.15=hf199647_0
typing-extensions=4.15.0=pypi_0
tzdata=2025.3=pypi_0
ucrt=10.0.22621.0=haa95532_0
vc=14.3=h2df5915_10
vc14_runtime=14.44.35208=h4927774_10
vs2015_runtime=14.44.35208=ha6b5a95_10
wheel=0.46.3=py310haa95532_0
whitenoise=6.12.0=pypi_0
xz=5.8.2=h53af0af_0
zlib=1.3.1=h02ab6af_0
